1 0.0000000000 0.0000000000
2 0.0012500000 0.0000000000
3 0.0025000000 0.0000000000
4 0.0037500000 0.0000000000
5 0.0050000000 0.0000000000
6 0.0062500000 0.0000000000
7 0.0075000000 0.0000000000
8 0.0087500000 0.0000000000
9 0.0100000000 0.0000000000
10 0.0112500000 0.0000000000
11 0.0125000000 0.0000000000
12 0.0137500000 0.0000000000
13 0.0150000000 0.0000000000
14 0.0162500000 0.0000000000
15 0.0175000000 0.0000000000
16 0.0187500000 0.0000000000
17 0.0200000000 0.0000000000
18 0.0212500000 0.0000000000
19 0.0225000000 0.0000000000
20 0.0237500000 0.0000000000
21 0.0250000000 0.0000000000
22 0.0262500000 0.0000000000
23 0.0275000000 0.0000000000
24 0.0287500000 0.0000000000
25 0.0300000000 0.0000000000
26 0.0312500000 0.0000000000
27 0.0325000000 0.0000000000
28 0.0337500000 0.0000000000
29 0.0350000000 0.0000000000
30 0.0362500000 0.0000000000
31 0.0375000000 0.0000000000
32 0.0387500000 0.0000000000
33 0.0400000000 0.0000000000
34 0.0412500000 0.0000000000
35 0.0425000000 0.0000000000
36 0.0437500000 0.0000000000
37 0.0450000000 0.0000000000
38 0.0462500000 0.0000000000
39 0.0475000000 0.0000000000
40 0.0487500000 0.0000000000
41 0.0500000000 0.0000000000
42 0.0512500000 0.0000000000
43 0.0525000000 0.0000000000
44 0.0537500000 0.0000000000
45 0.0550000000 0.0000000000
46 0.0562500000 0.0000000000
47 0.0575000000 0.0000000000
48 0.0587500000 0.0000000000
49 0.0600000000 0.0000000000
50 0.0612500000 0.0000000000
51 0.0625000000 0.0000000000
52 0.0637500000 0.0000000000
53 0.0650000000 0.0000000000
54 0.0662500000 0.0000000000
55 0.0675000000 0.0000000000
56 0.0687500000 0.0000000000
57 0.0700000000 0.0000000000
58 0.0712500000 0.0000000000
59 0.0725000000 0.0000000000
60 0.0737500000 0.0000000000
61 0.0750000000 0.0000000000
62 0.0762500000 0.0000000000
63 0.0775000000 0.0000000000
64 0.0787500000 0.0000000000
65 0.0800000000 0.0000000000
66 0.0812500000 0.0000000000
67 0.0825000000 0.0000000000
68 0.0837500000 0.0000000000
69 0.0850000000 0.0000000000
70 0.0862500000 0.0000000000
71 0.0875000000 0.0000000000
72 0.0887500000 0.0000000000
73 0.0900000000 0.0000000000
74 0.0912500000 0.0000000000
75 0.0925000000 0.0000000000
76 0.0937500000 0.0000000000
77 0.0950000000 0.0000000000
78 0.0962500000 0.0000000000
79 0.0975000000 0.0000000000
80 0.0987500000 0.0000000000
81 0.1000000000 0.0000000000
82 0.1012500000 0.0000000000
83 0.1025000000 0.0000000000
84 0.1037500000 0.0000000000
85 0.1050000000 0.0000000000
86 0.1062500000 0.0000000000
87 0.1075000000 0.0000000000
88 0.1087500000 0.0000000000
89 0.1100000000 0.0000000000
90 0.1112500000 0.0000000000
91 0.1125000000 0.0000000000
92 0.1137500000 0.0000000000
93 0.1150000000 0.0000000000
94 0.1162500000 0.0000000000
95 0.1175000000 0.0000000000
96 0.1187500000 0.0000000000
97 0.1200000000 0.0000000000
98 0.1212500000 0.0000000000
99 0.1225000000 0.0000000000
100 0.1237500000 0.0000000000
101 0.1250000000 0.0000000000
102 0.1262500000 0.0000000000
103 0.1275000000 0.0000000000
104 0.1287500000 0.0000000000
105 0.1300000000 0.0000000000
106 0.1312500000 0.0000000000
107 0.1325000000 0.0000000000
108 0.1337500000 0.0000000000
109 0.1350000000 0.0000000000
110 0.1362500000 0.0000000000
111 0.1375000000 0.0000000000
112 0.1387500000 0.0000000000
113 0.1400000000 0.0000000000
114 0.1412500000 0.0000000000
115 0.1425000000 0.0000000000
116 0.1437500000 0.0000000000
117 0.1450000000 0.0000000000
118 0.1462500000 0.0000000000
119 0.1475000000 0.0000000000
120 0.1487500000 0.0000000000
121 0.1500000000 0.0000000000
122 0.1512500000 0.0000000000
123 0.1525000000 0.0000000000
124 0.1537500000 0.0000000000
125 0.1550000000 0.0000000000
126 0.1562500000 0.0000000000
127 0.1575000000 0.0000000000
128 0.1587500000 0.0000000000
129 0.1600000000 0.0000000000
130 0.1612500000 0.0000000000
131 0.1625000000 0.0000000000
132 0.1637500000 0.0000000000
133 0.1650000000 0.0000000000
134 0.1662500000 0.0000000000
135 0.1675000000 0.0000000000
136 0.1687500000 0.0000000000
137 0.1700000000 0.0000000000
138 0.1712500000 0.0000000000
139 0.1725000000 0.0000000000
140 0.1737500000 0.0000000000
141 0.1750000000 0.0000000000
142 0.1762500000 0.0000000000
143 0.1775000000 0.0000000000
144 0.1787500000 0.0000000000
145 0.1800000000 0.0000000000
146 0.1812500000 0.0000000000
147 0.1825000000 0.0000000000
148 0.1837500000 0.0000000000
149 0.1850000000 0.0000000000
150 0.1862500000 0.0000000000
151 0.1875000000 0.0000000000
152 0.1887500000 0.0000000000
153 0.1900000000 0.0000000000
154 0.1912500000 0.0000000000
155 0.1925000000 0.0000000000
156 0.1937500000 0.0000000000
157 0.1950000000 0.0000000000
158 0.1962500000 0.0000000000
159 0.1975000000 0.0000000000
160 0.1987500000 0.0000000000
161 0.2000000000 0.0000000000
162 0.0000000000 0.0012500000
163 0.0012500000 0.0012500000
164 0.0025000000 0.0012500000
165 0.0037500000 0.0012500000
166 0.0050000000 0.0012500000
167 0.0062500000 0.0012500000
168 0.0075000000 0.0012500000
169 0.0087500000 0.0012500000
170 0.0100000000 0.0012500000
171 0.0112500000 0.0012500000
172 0.0125000000 0.0012500000
173 0.0137500000 0.0012500000
174 0.0150000000 0.0012500000
175 0.0162500000 0.0012500000
176 0.0175000000 0.0012500000
177 0.0187500000 0.0012500000
178 0.0200000000 0.0012500000
179 0.0212500000 0.0012500000
180 0.0225000000 0.0012500000
181 0.0237500000 0.0012500000
182 0.0250000000 0.0012500000
183 0.0262500000 0.0012500000
184 0.0275000000 0.0012500000
185 0.0287500000 0.0012500000
186 0.0300000000 0.0012500000
187 0.0312500000 0.0012500000
188 0.0325000000 0.0012500000
189 0.0337500000 0.0012500000
190 0.0350000000 0.0012500000
191 0.0362500000 0.0012500000
192 0.0375000000 0.0012500000
193 0.0387500000 0.0012500000
194 0.0400000000 0.0012500000
195 0.0412500000 0.0012500000
196 0.0425000000 0.0012500000
197 0.0437500000 0.0012500000
198 0.0450000000 0.0012500000
199 0.0462500000 0.0012500000
200 0.0475000000 0.0012500000
201 0.0487500000 0.0012500000
202 0.0500000000 0.0012500000
203 0.0512500000 0.0012500000
204 0.0525000000 0.0012500000
205 0.0537500000 0.0012500000
206 0.0550000000 0.0012500000
207 0.0562500000 0.0012500000
208 0.0575000000 0.0012500000
209 0.0587500000 0.0012500000
210 0.0600000000 0.0012500000
211 0.0612500000 0.0012500000
212 0.0625000000 0.0012500000
213 0.0637500000 0.0012500000
214 0.0650000000 0.0012500000
215 0.0662500000 0.0012500000
216 0.0675000000 0.0012500000
217 0.0687500000 0.0012500000
218 0.0700000000 0.0012500000
219 0.0712500000 0.0012500000
220 0.0725000000 0.0012500000
221 0.0737500000 0.0012500000
222 0.0750000000 0.0012500000
223 0.0762500000 0.0012500000
224 0.0775000000 0.0012500000
225 0.0787500000 0.0012500000
226 0.0800000000 0.0012500000
227 0.0812500000 0.0012500000
228 0.0825000000 0.0012500000
229 0.0837500000 0.0012500000
230 0.0850000000 0.0012500000
231 0.0862500000 0.0012500000
232 0.0875000000 0.0012500000
233 0.0887500000 0.0012500000
234 0.0900000000 0.0012500000
235 0.0912500000 0.0012500000
236 0.0925000000 0.0012500000
237 0.0937500000 0.0012500000
238 0.0950000000 0.0012500000
239 0.0962500000 0.0012500000
240 0.0975000000 0.0012500000
241 0.0987500000 0.0012500000
242 0.1000000000 0.0012500000
243 0.1012500000 0.0012500000
244 0.1025000000 0.0012500000
245 0.1037500000 0.0012500000
246 0.1050000000 0.0012500000
247 0.1062500000 0.0012500000
248 0.1075000000 0.0012500000
249 0.1087500000 0.0012500000
250 0.1100000000 0.0012500000
251 0.1112500000 0.0012500000
252 0.1125000000 0.0012500000
253 0.1137500000 0.0012500000
254 0.1150000000 0.0012500000
255 0.1162500000 0.0012500000
256 0.1175000000 0.0012500000
257 0.1187500000 0.0012500000
258 0.1200000000 0.0012500000
259 0.1212500000 0.0012500000
260 0.1225000000 0.0012500000
261 0.1237500000 0.0012500000
262 0.1250000000 0.0012500000
263 0.1262500000 0.0012500000
264 0.1275000000 0.0012500000
265 0.1287500000 0.0012500000
266 0.1300000000 0.0012500000
267 0.1312500000 0.0012500000
268 0.1325000000 0.0012500000
269 0.1337500000 0.0012500000
270 0.1350000000 0.0012500000
271 0.1362500000 0.0012500000
272 0.1375000000 0.0012500000
273 0.1387500000 0.0012500000
274 0.1400000000 0.0012500000
275 0.1412500000 0.0012500000
276 0.1425000000 0.0012500000
277 0.1437500000 0.0012500000
278 0.1450000000 0.0012500000
279 0.1462500000 0.0012500000
280 0.1475000000 0.0012500000
281 0.1487500000 0.0012500000
282 0.1500000000 0.0012500000
283 0.1512500000 0.0012500000
284 0.1525000000 0.0012500000
285 0.1537500000 0.0012500000
286 0.1550000000 0.0012500000
287 0.1562500000 0.0012500000
288 0.1575000000 0.0012500000
289 0.1587500000 0.0012500000
290 0.1600000000 0.0012500000
291 0.1612500000 0.0012500000
292 0.1625000000 0.0012500000
293 0.1637500000 0.0012500000
294 0.1650000000 0.0012500000
295 0.1662500000 0.0012500000
296 0.1675000000 0.0012500000
297 0.1687500000 0.0012500000
298 0.1700000000 0.0012500000
299 0.1712500000 0.0012500000
300 0.1725000000 0.0012500000
301 0.1737500000 0.0012500000
302 0.1750000000 0.0012500000
303 0.1762500000 0.0012500000
304 0.1775000000 0.0012500000
305 0.1787500000 0.0012500000
306 0.1800000000 0.0012500000
307 0.1812500000 0.0012500000
308 0.1825000000 0.0012500000
309 0.1837500000 0.0012500000
310 0.1850000000 0.0012500000
311 0.1862500000 0.0012500000
312 0.1875000000 0.0012500000
313 0.1887500000 0.0012500000
314 0.1900000000 0.0012500000
315 0.1912500000 0.0012500000
316 0.1925000000 0.0012500000
317 0.1937500000 0.0012500000
318 0.1950000000 0.0012500000
319 0.1962500000 0.0012500000
320 0.1975000000 0.0012500000
321 0.1987500000 0.0012500000
322 0.2000000000 0.0012500000
323 0.0000000000 0.0025000000
324 0.0012500000 0.0025000000
325 0.0025000000 0.0025000000
326 0.0037500000 0.0025000000
327 0.0050000000 0.0025000000
328 0.0062500000 0.0025000000
329 0.0075000000 0.0025000000
330 0.0087500000 0.0025000000
331 0.0100000000 0.0025000000
332 0.0112500000 0.0025000000
333 0.0125000000 0.0025000000
334 0.0137500000 0.0025000000
335 0.0150000000 0.0025000000
336 0.0162500000 0.0025000000
337 0.0175000000 0.0025000000
338 0.0187500000 0.0025000000
339 0.0200000000 0.0025000000
340 0.0212500000 0.0025000000
341 0.0225000000 0.0025000000
342 0.0237500000 0.0025000000
343 0.0250000000 0.0025000000
344 0.0262500000 0.0025000000
345 0.0275000000 0.0025000000
346 0.0287500000 0.0025000000
347 0.0300000000 0.0025000000
348 0.0312500000 0.0025000000
349 0.0325000000 0.0025000000
350 0.0337500000 0.0025000000
351 0.0350000000 0.0025000000
352 0.0362500000 0.0025000000
353 0.0375000000 0.0025000000
354 0.0387500000 0.0025000000
355 0.0400000000 0.0025000000
356 0.0412500000 0.0025000000
357 0.0425000000 0.0025000000
358 0.0437500000 0.0025000000
359 0.0450000000 0.0025000000
360 0.0462500000 0.0025000000
361 0.0475000000 0.0025000000
362 0.0487500000 0.0025000000
363 0.0500000000 0.0025000000
364 0.0512500000 0.0025000000
365 0.0525000000 0.0025000000
366 0.0537500000 0.0025000000
367 0.0550000000 0.0025000000
368 0.0562500000 0.0025000000
369 0.0575000000 0.0025000000
370 0.0587500000 0.0025000000
371 0.0600000000 0.0025000000
372 0.0612500000 0.0025000000
373 0.0625000000 0.0025000000
374 0.0637500000 0.0025000000
375 0.0650000000 0.0025000000
376 0.0662500000 0.0025000000
377 0.0675000000 0.0025000000
378 0.0687500000 0.0025000000
379 0.0700000000 0.0025000000
380 0.0712500000 0.0025000000
381 0.0725000000 0.0025000000
382 0.0737500000 0.0025000000
383 0.0750000000 0.0025000000
384 0.0762500000 0.0025000000
385 0.0775000000 0.0025000000
386 0.0787500000 0.0025000000
387 0.0800000000 0.0025000000
388 0.0812500000 0.0025000000
389 0.0825000000 0.0025000000
390 0.0837500000 0.0025000000
391 0.0850000000 0.0025000000
392 0.0862500000 0.0025000000
393 0.0875000000 0.0025000000
394 0.0887500000 0.0025000000
395 0.0900000000 0.0025000000
396 0.0912500000 0.0025000000
397 0.0925000000 0.0025000000
398 0.0937500000 0.0025000000
399 0.0950000000 0.0025000000
400 0.0962500000 0.0025000000
401 0.0975000000 0.0025000000
402 0.0987500000 0.0025000000
403 0.1000000000 0.0025000000
404 0.1012500000 0.0025000000
405 0.1025000000 0.0025000000
406 0.1037500000 0.0025000000
407 0.1050000000 0.0025000000
408 0.1062500000 0.0025000000
409 0.1075000000 0.0025000000
410 0.1087500000 0.0025000000
411 0.1100000000 0.0025000000
412 0.1112500000 0.0025000000
413 0.1125000000 0.0025000000
414 0.1137500000 0.0025000000
415 0.1150000000 0.0025000000
416 0.1162500000 0.0025000000
417 0.1175000000 0.0025000000
418 0.1187500000 0.0025000000
419 0.1200000000 0.0025000000
420 0.1212500000 0.0025000000
421 0.1225000000 0.0025000000
422 0.1237500000 0.0025000000
423 0.1250000000 0.0025000000
424 0.1262500000 0.0025000000
425 0.1275000000 0.0025000000
426 0.1287500000 0.0025000000
427 0.1300000000 0.0025000000
428 0.1312500000 0.0025000000
429 0.1325000000 0.0025000000
430 0.1337500000 0.0025000000
431 0.1350000000 0.0025000000
432 0.1362500000 0.0025000000
433 0.1375000000 0.0025000000
434 0.1387500000 0.0025000000
435 0.1400000000 0.0025000000
436 0.1412500000 0.0025000000
437 0.1425000000 0.0025000000
438 0.1437500000 0.0025000000
439 0.1450000000 0.0025000000
440 0.1462500000 0.0025000000
441 0.1475000000 0.0025000000
442 0.1487500000 0.0025000000
443 0.1500000000 0.0025000000
444 0.1512500000 0.0025000000
445 0.1525000000 0.0025000000
446 0.1537500000 0.0025000000
447 0.1550000000 0.0025000000
448 0.1562500000 0.0025000000
449 0.1575000000 0.0025000000
450 0.1587500000 0.0025000000
451 0.1600000000 0.0025000000
452 0.1612500000 0.0025000000
453 0.1625000000 0.0025000000
454 0.1637500000 0.0025000000
455 0.1650000000 0.0025000000
456 0.1662500000 0.0025000000
457 0.1675000000 0.0025000000
458 0.1687500000 0.0025000000
459 0.1700000000 0.0025000000
460 0.1712500000 0.0025000000
461 0.1725000000 0.0025000000
462 0.1737500000 0.0025000000
463 0.1750000000 0.0025000000
464 0.1762500000 0.0025000000
465 0.1775000000 0.0025000000
466 0.1787500000 0.0025000000
467 0.1800000000 0.0025000000
468 0.1812500000 0.0025000000
469 0.1825000000 0.0025000000
470 0.1837500000 0.0025000000
471 0.1850000000 0.0025000000
472 0.1862500000 0.0025000000
473 0.1875000000 0.0025000000
474 0.1887500000 0.0025000000
475 0.1900000000 0.0025000000
476 0.1912500000 0.0025000000
477 0.1925000000 0.0025000000
478 0.1937500000 0.0025000000
479 0.1950000000 0.0025000000
480 0.1962500000 0.0025000000
481 0.1975000000 0.0025000000
482 0.1987500000 0.0025000000
483 0.2000000000 0.0025000000
484 0.0000000000 0.0037500000
485 0.0012500000 0.0037500000
486 0.0025000000 0.0037500000
487 0.0037500000 0.0037500000
488 0.0050000000 0.0037500000
489 0.0062500000 0.0037500000
490 0.0075000000 0.0037500000
491 0.0087500000 0.0037500000
492 0.0100000000 0.0037500000
493 0.0112500000 0.0037500000
494 0.0125000000 0.0037500000
495 0.0137500000 0.0037500000
496 0.0150000000 0.0037500000
497 0.0162500000 0.0037500000
498 0.0175000000 0.0037500000
499 0.0187500000 0.0037500000
500 0.0200000000 0.0037500000
501 0.0212500000 0.0037500000
502 0.0225000000 0.0037500000
503 0.0237500000 0.0037500000
504 0.0250000000 0.0037500000
505 0.0262500000 0.0037500000
506 0.0275000000 0.0037500000
507 0.0287500000 0.0037500000
508 0.0300000000 0.0037500000
509 0.0312500000 0.0037500000
510 0.0325000000 0.0037500000
511 0.0337500000 0.0037500000
512 0.0350000000 0.0037500000
513 0.0362500000 0.0037500000
514 0.0375000000 0.0037500000
515 0.0387500000 0.0037500000
516 0.0400000000 0.0037500000
517 0.0412500000 0.0037500000
518 0.0425000000 0.0037500000
519 0.0437500000 0.0037500000
520 0.0450000000 0.0037500000
521 0.0462500000 0.0037500000
522 0.0475000000 0.0037500000
523 0.0487500000 0.0037500000
524 0.0500000000 0.0037500000
525 0.0512500000 0.0037500000
526 0.0525000000 0.0037500000
527 0.0537500000 0.0037500000
528 0.0550000000 0.0037500000
529 0.0562500000 0.0037500000
530 0.0575000000 0.0037500000
531 0.0587500000 0.0037500000
532 0.0600000000 0.0037500000
533 0.0612500000 0.0037500000
534 0.0625000000 0.0037500000
535 0.0637500000 0.0037500000
536 0.0650000000 0.0037500000
537 0.0662500000 0.0037500000
538 0.0675000000 0.0037500000
539 0.0687500000 0.0037500000
540 0.0700000000 0.0037500000
541 0.0712500000 0.0037500000
542 0.0725000000 0.0037500000
543 0.0737500000 0.0037500000
544 0.0750000000 0.0037500000
545 0.0762500000 0.0037500000
546 0.0775000000 0.0037500000
547 0.0787500000 0.0037500000
548 0.0800000000 0.0037500000
549 0.0812500000 0.0037500000
550 0.0825000000 0.0037500000
551 0.0837500000 0.0037500000
552 0.0850000000 0.0037500000
553 0.0862500000 0.0037500000
554 0.0875000000 0.0037500000
555 0.0887500000 0.0037500000
556 0.0900000000 0.0037500000
557 0.0912500000 0.0037500000
558 0.0925000000 0.0037500000
559 0.0937500000 0.0037500000
560 0.0950000000 0.0037500000
561 0.0962500000 0.0037500000
562 0.0975000000 0.0037500000
563 0.0987500000 0.0037500000
564 0.1000000000 0.0037500000
565 0.1012500000 0.0037500000
566 0.1025000000 0.0037500000
567 0.1037500000 0.0037500000
568 0.1050000000 0.0037500000
569 0.1062500000 0.0037500000
570 0.1075000000 0.0037500000
571 0.1087500000 0.0037500000
572 0.1100000000 0.0037500000
573 0.1112500000 0.0037500000
574 0.1125000000 0.0037500000
575 0.1137500000 0.0037500000
576 0.1150000000 0.0037500000
577 0.1162500000 0.0037500000
578 0.1175000000 0.0037500000
579 0.1187500000 0.0037500000
580 0.1200000000 0.0037500000
581 0.1212500000 0.0037500000
582 0.1225000000 0.0037500000
583 0.1237500000 0.0037500000
584 0.1250000000 0.0037500000
585 0.1262500000 0.0037500000
586 0.1275000000 0.0037500000
587 0.1287500000 0.0037500000
588 0.1300000000 0.0037500000
589 0.1312500000 0.0037500000
590 0.1325000000 0.0037500000
591 0.1337500000 0.0037500000
592 0.1350000000 0.0037500000
593 0.1362500000 0.0037500000
594 0.1375000000 0.0037500000
595 0.1387500000 0.0037500000
596 0.1400000000 0.0037500000
597 0.1412500000 0.0037500000
598 0.1425000000 0.0037500000
599 0.1437500000 0.0037500000
600 0.1450000000 0.0037500000
601 0.1462500000 0.0037500000
602 0.1475000000 0.0037500000
603 0.1487500000 0.0037500000
604 0.1500000000 0.0037500000
605 0.1512500000 0.0037500000
606 0.1525000000 0.0037500000
607 0.1537500000 0.0037500000
608 0.1550000000 0.0037500000
609 0.1562500000 0.0037500000
610 0.1575000000 0.0037500000
611 0.1587500000 0.0037500000
612 0.1600000000 0.0037500000
613 0.1612500000 0.0037500000
614 0.1625000000 0.0037500000
615 0.1637500000 0.0037500000
616 0.1650000000 0.0037500000
617 0.1662500000 0.0037500000
618 0.1675000000 0.0037500000
619 0.1687500000 0.0037500000
620 0.1700000000 0.0037500000
621 0.1712500000 0.0037500000
622 0.1725000000 0.0037500000
623 0.1737500000 0.0037500000
624 0.1750000000 0.0037500000
625 0.1762500000 0.0037500000
626 0.1775000000 0.0037500000
627 0.1787500000 0.0037500000
628 0.1800000000 0.0037500000
629 0.1812500000 0.0037500000
630 0.1825000000 0.0037500000
631 0.1837500000 0.0037500000
632 0.1850000000 0.0037500000
633 0.1862500000 0.0037500000
634 0.1875000000 0.0037500000
635 0.1887500000 0.0037500000
636 0.1900000000 0.0037500000
637 0.1912500000 0.0037500000
638 0.1925000000 0.0037500000
639 0.1937500000 0.0037500000
640 0.1950000000 0.0037500000
641 0.1962500000 0.0037500000
642 0.1975000000 0.0037500000
643 0.1987500000 0.0037500000
644 0.2000000000 0.0037500000
645 0.0000000000 0.0050000000
646 0.0012500000 0.0050000000
647 0.0025000000 0.0050000000
648 0.0037500000 0.0050000000
649 0.0050000000 0.0050000000
650 0.0062500000 0.0050000000
651 0.0075000000 0.0050000000
652 0.0087500000 0.0050000000
653 0.0100000000 0.0050000000
654 0.0112500000 0.0050000000
655 0.0125000000 0.0050000000
656 0.0137500000 0.0050000000
657 0.0150000000 0.0050000000
658 0.0162500000 0.0050000000
659 0.0175000000 0.0050000000
660 0.0187500000 0.0050000000
661 0.0200000000 0.0050000000
662 0.0212500000 0.0050000000
663 0.0225000000 0.0050000000
664 0.0237500000 0.0050000000
665 0.0250000000 0.0050000000
666 0.0262500000 0.0050000000
667 0.0275000000 0.0050000000
668 0.0287500000 0.0050000000
669 0.0300000000 0.0050000000
670 0.0312500000 0.0050000000
671 0.0325000000 0.0050000000
672 0.0337500000 0.0050000000
673 0.0350000000 0.0050000000
674 0.0362500000 0.0050000000
675 0.0375000000 0.0050000000
676 0.0387500000 0.0050000000
677 0.0400000000 0.0050000000
678 0.0412500000 0.0050000000
679 0.0425000000 0.0050000000
680 0.0437500000 0.0050000000
681 0.0450000000 0.0050000000
682 0.0462500000 0.0050000000
683 0.0475000000 0.0050000000
684 0.0487500000 0.0050000000
685 0.0500000000 0.0050000000
686 0.0512500000 0.0050000000
687 0.0525000000 0.0050000000
688 0.0537500000 0.0050000000
689 0.0550000000 0.0050000000
690 0.0562500000 0.0050000000
691 0.0575000000 0.0050000000
692 0.0587500000 0.0050000000
693 0.0600000000 0.0050000000
694 0.0612500000 0.0050000000
695 0.0625000000 0.0050000000
696 0.0637500000 0.0050000000
697 0.0650000000 0.0050000000
698 0.0662500000 0.0050000000
699 0.0675000000 0.0050000000
700 0.0687500000 0.0050000000
701 0.0700000000 0.0050000000
702 0.0712500000 0.0050000000
703 0.0725000000 0.0050000000
704 0.0737500000 0.0050000000
705 0.0750000000 0.0050000000
706 0.0762500000 0.0050000000
707 0.0775000000 0.0050000000
708 0.0787500000 0.0050000000
709 0.0800000000 0.0050000000
710 0.0812500000 0.0050000000
711 0.0825000000 0.0050000000
712 0.0837500000 0.0050000000
713 0.0850000000 0.0050000000
714 0.0862500000 0.0050000000
715 0.0875000000 0.0050000000
716 0.0887500000 0.0050000000
717 0.0900000000 0.0050000000
718 0.0912500000 0.0050000000
719 0.0925000000 0.0050000000
720 0.0937500000 0.0050000000
721 0.0950000000 0.0050000000
722 0.0962500000 0.0050000000
723 0.0975000000 0.0050000000
724 0.0987500000 0.0050000000
725 0.1000000000 0.0050000000
726 0.1012500000 0.0050000000
727 0.1025000000 0.0050000000
728 0.1037500000 0.0050000000
729 0.1050000000 0.0050000000
730 0.1062500000 0.0050000000
731 0.1075000000 0.0050000000
732 0.1087500000 0.0050000000
733 0.1100000000 0.0050000000
734 0.1112500000 0.0050000000
735 0.1125000000 0.0050000000
736 0.1137500000 0.0050000000
737 0.1150000000 0.0050000000
738 0.1162500000 0.0050000000
739 0.1175000000 0.0050000000
740 0.1187500000 0.0050000000
741 0.1200000000 0.0050000000
742 0.1212500000 0.0050000000
743 0.1225000000 0.0050000000
744 0.1237500000 0.0050000000
745 0.1250000000 0.0050000000
746 0.1262500000 0.0050000000
747 0.1275000000 0.0050000000
748 0.1287500000 0.0050000000
749 0.1300000000 0.0050000000
750 0.1312500000 0.0050000000
751 0.1325000000 0.0050000000
752 0.1337500000 0.0050000000
753 0.1350000000 0.0050000000
754 0.1362500000 0.0050000000
755 0.1375000000 0.0050000000
756 0.1387500000 0.0050000000
757 0.1400000000 0.0050000000
758 0.1412500000 0.0050000000
759 0.1425000000 0.0050000000
760 0.1437500000 0.0050000000
761 0.1450000000 0.0050000000
762 0.1462500000 0.0050000000
763 0.1475000000 0.0050000000
764 0.1487500000 0.0050000000
765 0.1500000000 0.0050000000
766 0.1512500000 0.0050000000
767 0.1525000000 0.0050000000
768 0.1537500000 0.0050000000
769 0.1550000000 0.0050000000
770 0.1562500000 0.0050000000
771 0.1575000000 0.0050000000
772 0.1587500000 0.0050000000
773 0.1600000000 0.0050000000
774 0.1612500000 0.0050000000
775 0.1625000000 0.0050000000
776 0.1637500000 0.0050000000
777 0.1650000000 0.0050000000
778 0.1662500000 0.0050000000
779 0.1675000000 0.0050000000
780 0.1687500000 0.0050000000
781 0.1700000000 0.0050000000
782 0.1712500000 0.0050000000
783 0.1725000000 0.0050000000
784 0.1737500000 0.0050000000
785 0.1750000000 0.0050000000
786 0.1762500000 0.0050000000
787 0.1775000000 0.0050000000
788 0.1787500000 0.0050000000
789 0.1800000000 0.0050000000
790 0.1812500000 0.0050000000
791 0.1825000000 0.0050000000
792 0.1837500000 0.0050000000
793 0.1850000000 0.0050000000
794 0.1862500000 0.0050000000
795 0.1875000000 0.0050000000
796 0.1887500000 0.0050000000
797 0.1900000000 0.0050000000
798 0.1912500000 0.0050000000
799 0.1925000000 0.0050000000
800 0.1937500000 0.0050000000
801 0.1950000000 0.0050000000
802 0.1962500000 0.0050000000
803 0.1975000000 0.0050000000
804 0.1987500000 0.0050000000
805 0.2000000000 0.0050000000
806 0.0000000000 0.0062500000
807 0.0012500000 0.0062500000
808 0.0025000000 0.0062500000
809 0.0037500000 0.0062500000
810 0.0050000000 0.0062500000
811 0.0062500000 0.0062500000
812 0.0075000000 0.0062500000
813 0.0087500000 0.0062500000
814 0.0100000000 0.0062500000
815 0.0112500000 0.0062500000
816 0.0125000000 0.0062500000
817 0.0137500000 0.0062500000
818 0.0150000000 0.0062500000
819 0.0162500000 0.0062500000
820 0.0175000000 0.0062500000
821 0.0187500000 0.0062500000
822 0.0200000000 0.0062500000
823 0.0212500000 0.0062500000
824 0.0225000000 0.0062500000
825 0.0237500000 0.0062500000
826 0.0250000000 0.0062500000
827 0.0262500000 0.0062500000
828 0.0275000000 0.0062500000
829 0.0287500000 0.0062500000
830 0.0300000000 0.0062500000
831 0.0312500000 0.0062500000
832 0.0325000000 0.0062500000
833 0.0337500000 0.0062500000
834 0.0350000000 0.0062500000
835 0.0362500000 0.0062500000
836 0.0375000000 0.0062500000
837 0.0387500000 0.0062500000
838 0.0400000000 0.0062500000
839 0.0412500000 0.0062500000
840 0.0425000000 0.0062500000
841 0.0437500000 0.0062500000
842 0.0450000000 0.0062500000
843 0.0462500000 0.0062500000
844 0.0475000000 0.0062500000
845 0.0487500000 0.0062500000
846 0.0500000000 0.0062500000
847 0.0512500000 0.0062500000
848 0.0525000000 0.0062500000
849 0.0537500000 0.0062500000
850 0.0550000000 0.0062500000
851 0.0562500000 0.0062500000
852 0.0575000000 0.0062500000
853 0.0587500000 0.0062500000
854 0.0600000000 0.0062500000
855 0.0612500000 0.0062500000
856 0.0625000000 0.0062500000
857 0.0637500000 0.0062500000
858 0.0650000000 0.0062500000
859 0.0662500000 0.0062500000
860 0.0675000000 0.0062500000
861 0.0687500000 0.0062500000
862 0.0700000000 0.0062500000
863 0.0712500000 0.0062500000
864 0.0725000000 0.0062500000
865 0.0737500000 0.0062500000
866 0.0750000000 0.0062500000
867 0.0762500000 0.0062500000
868 0.0775000000 0.0062500000
869 0.0787500000 0.0062500000
870 0.0800000000 0.0062500000
871 0.0812500000 0.0062500000
872 0.0825000000 0.0062500000
873 0.0837500000 0.0062500000
874 0.0850000000 0.0062500000
875 0.0862500000 0.0062500000
876 0.0875000000 0.0062500000
877 0.0887500000 0.0062500000
878 0.0900000000 0.0062500000
879 0.0912500000 0.0062500000
880 0.0925000000 0.0062500000
881 0.0937500000 0.0062500000
882 0.0950000000 0.0062500000
883 0.0962500000 0.0062500000
884 0.0975000000 0.0062500000
885 0.0987500000 0.0062500000
886 0.1000000000 0.0062500000
887 0.1012500000 0.0062500000
888 0.1025000000 0.0062500000
889 0.1037500000 0.0062500000
890 0.1050000000 0.0062500000
891 0.1062500000 0.0062500000
892 0.1075000000 0.0062500000
893 0.1087500000 0.0062500000
894 0.1100000000 0.0062500000
895 0.1112500000 0.0062500000
896 0.1125000000 0.0062500000
897 0.1137500000 0.0062500000
898 0.1150000000 0.0062500000
899 0.1162500000 0.0062500000
900 0.1175000000 0.0062500000
901 0.1187500000 0.0062500000
902 0.1200000000 0.0062500000
903 0.1212500000 0.0062500000
904 0.1225000000 0.0062500000
905 0.1237500000 0.0062500000
906 0.1250000000 0.0062500000
907 0.1262500000 0.0062500000
908 0.1275000000 0.0062500000
909 0.1287500000 0.0062500000
910 0.1300000000 0.0062500000
911 0.1312500000 0.0062500000
912 0.1325000000 0.0062500000
913 0.1337500000 0.0062500000
914 0.1350000000 0.0062500000
915 0.1362500000 0.0062500000
916 0.1375000000 0.0062500000
917 0.1387500000 0.0062500000
918 0.1400000000 0.0062500000
919 0.1412500000 0.0062500000
920 0.1425000000 0.0062500000
921 0.1437500000 0.0062500000
922 0.1450000000 0.0062500000
923 0.1462500000 0.0062500000
924 0.1475000000 0.0062500000
925 0.1487500000 0.0062500000
926 0.1500000000 0.0062500000
927 0.1512500000 0.0062500000
928 0.1525000000 0.0062500000
929 0.1537500000 0.0062500000
930 0.1550000000 0.0062500000
931 0.1562500000 0.0062500000
932 0.1575000000 0.0062500000
933 0.1587500000 0.0062500000
934 0.1600000000 0.0062500000
935 0.1612500000 0.0062500000
936 0.1625000000 0.0062500000
937 0.1637500000 0.0062500000
938 0.1650000000 0.0062500000
939 0.1662500000 0.0062500000
940 0.1675000000 0.0062500000
941 0.1687500000 0.0062500000
942 0.1700000000 0.0062500000
943 0.1712500000 0.0062500000
944 0.1725000000 0.0062500000
945 0.1737500000 0.0062500000
946 0.1750000000 0.0062500000
947 0.1762500000 0.0062500000
948 0.1775000000 0.0062500000
949 0.1787500000 0.0062500000
950 0.1800000000 0.0062500000
951 0.1812500000 0.0062500000
952 0.1825000000 0.0062500000
953 0.1837500000 0.0062500000
954 0.1850000000 0.0062500000
955 0.1862500000 0.0062500000
956 0.1875000000 0.0062500000
957 0.1887500000 0.0062500000
958 0.1900000000 0.0062500000
959 0.1912500000 0.0062500000
960 0.1925000000 0.0062500000
961 0.1937500000 0.0062500000
962 0.1950000000 0.0062500000
963 0.1962500000 0.0062500000
964 0.1975000000 0.0062500000
965 0.1987500000 0.0062500000
966 0.2000000000 0.0062500000
967 0.0000000000 0.0075000000
968 0.0012500000 0.0075000000
969 0.0025000000 0.0075000000
970 0.0037500000 0.0075000000
971 0.0050000000 0.0075000000
972 0.0062500000 0.0075000000
973 0.0075000000 0.0075000000
974 0.0087500000 0.0075000000
975 0.0100000000 0.0075000000
976 0.0112500000 0.0075000000
977 0.0125000000 0.0075000000
978 0.0137500000 0.0075000000
979 0.0150000000 0.0075000000
980 0.0162500000 0.0075000000
981 0.0175000000 0.0075000000
982 0.0187500000 0.0075000000
983 0.0200000000 0.0075000000
984 0.0212500000 0.0075000000
985 0.0225000000 0.0075000000
986 0.0237500000 0.0075000000
987 0.0250000000 0.0075000000
988 0.0262500000 0.0075000000
989 0.0275000000 0.0075000000
990 0.0287500000 0.0075000000
991 0.0300000000 0.0075000000
992 0.0312500000 0.0075000000
993 0.0325000000 0.0075000000
994 0.0337500000 0.0075000000
995 0.0350000000 0.0075000000
996 0.0362500000 0.0075000000
997 0.0375000000 0.0075000000
998 0.0387500000 0.0075000000
999 0.0400000000 0.0075000000
1000 0.0412500000 0.0075000000
1001 0.0425000000 0.0075000000
1002 0.0437500000 0.0075000000
1003 0.0450000000 0.0075000000
1004 0.0462500000 0.0075000000
1005 0.0475000000 0.0075000000
1006 0.0487500000 0.0075000000
1007 0.0500000000 0.0075000000
1008 0.0512500000 0.0075000000
1009 0.0525000000 0.0075000000
1010 0.0537500000 0.0075000000
1011 0.0550000000 0.0075000000
1012 0.0562500000 0.0075000000
1013 0.0575000000 0.0075000000
1014 0.0587500000 0.0075000000
1015 0.0600000000 0.0075000000
1016 0.0612500000 0.0075000000
1017 0.0625000000 0.0075000000
1018 0.0637500000 0.0075000000
1019 0.0650000000 0.0075000000
1020 0.0662500000 0.0075000000
1021 0.0675000000 0.0075000000
1022 0.0687500000 0.0075000000
1023 0.0700000000 0.0075000000
1024 0.0712500000 0.0075000000
1025 0.0725000000 0.0075000000
1026 0.0737500000 0.0075000000
1027 0.0750000000 0.0075000000
1028 0.0762500000 0.0075000000
1029 0.0775000000 0.0075000000
1030 0.0787500000 0.0075000000
1031 0.0800000000 0.0075000000
1032 0.0812500000 0.0075000000
1033 0.0825000000 0.0075000000
1034 0.0837500000 0.0075000000
1035 0.0850000000 0.0075000000
1036 0.0862500000 0.0075000000
1037 0.0875000000 0.0075000000
1038 0.0887500000 0.0075000000
1039 0.0900000000 0.0075000000
1040 0.0912500000 0.0075000000
1041 0.0925000000 0.0075000000
1042 0.0937500000 0.0075000000
1043 0.0950000000 0.0075000000
1044 0.0962500000 0.0075000000
1045 0.0975000000 0.0075000000
1046 0.0987500000 0.0075000000
1047 0.1000000000 0.0075000000
1048 0.1012500000 0.0075000000
1049 0.1025000000 0.0075000000
1050 0.1037500000 0.0075000000
1051 0.1050000000 0.0075000000
1052 0.1062500000 0.0075000000
1053 0.1075000000 0.0075000000
1054 0.1087500000 0.0075000000
1055 0.1100000000 0.0075000000
1056 0.1112500000 0.0075000000
1057 0.1125000000 0.0075000000
1058 0.1137500000 0.0075000000
1059 0.1150000000 0.0075000000
1060 0.1162500000 0.0075000000
1061 0.1175000000 0.0075000000
1062 0.1187500000 0.0075000000
1063 0.1200000000 0.0075000000
1064 0.1212500000 0.0075000000
1065 0.1225000000 0.0075000000
1066 0.1237500000 0.0075000000
1067 0.1250000000 0.0075000000
1068 0.1262500000 0.0075000000
1069 0.1275000000 0.0075000000
1070 0.1287500000 0.0075000000
1071 0.1300000000 0.0075000000
1072 0.1312500000 0.0075000000
1073 0.1325000000 0.0075000000
1074 0.1337500000 0.0075000000
1075 0.1350000000 0.0075000000
1076 0.1362500000 0.0075000000
1077 0.1375000000 0.0075000000
1078 0.1387500000 0.0075000000
1079 0.1400000000 0.0075000000
1080 0.1412500000 0.0075000000
1081 0.1425000000 0.0075000000
1082 0.1437500000 0.0075000000
1083 0.1450000000 0.0075000000
1084 0.1462500000 0.0075000000
1085 0.1475000000 0.0075000000
1086 0.1487500000 0.0075000000
1087 0.1500000000 0.0075000000
1088 0.1512500000 0.0075000000
1089 0.1525000000 0.0075000000
1090 0.1537500000 0.0075000000
1091 0.1550000000 0.0075000000
1092 0.1562500000 0.0075000000
1093 0.1575000000 0.0075000000
1094 0.1587500000 0.0075000000
1095 0.1600000000 0.0075000000
1096 0.1612500000 0.0075000000
1097 0.1625000000 0.0075000000
1098 0.1637500000 0.0075000000
1099 0.1650000000 0.0075000000
1100 0.1662500000 0.0075000000
1101 0.1675000000 0.0075000000
1102 0.1687500000 0.0075000000
1103 0.1700000000 0.0075000000
1104 0.1712500000 0.0075000000
1105 0.1725000000 0.0075000000
1106 0.1737500000 0.0075000000
1107 0.1750000000 0.0075000000
1108 0.1762500000 0.0075000000
1109 0.1775000000 0.0075000000
1110 0.1787500000 0.0075000000
1111 0.1800000000 0.0075000000
1112 0.1812500000 0.0075000000
1113 0.1825000000 0.0075000000
1114 0.1837500000 0.0075000000
1115 0.1850000000 0.0075000000
1116 0.1862500000 0.0075000000
1117 0.1875000000 0.0075000000
1118 0.1887500000 0.0075000000
1119 0.1900000000 0.0075000000
1120 0.1912500000 0.0075000000
1121 0.1925000000 0.0075000000
1122 0.1937500000 0.0075000000
1123 0.1950000000 0.0075000000
1124 0.1962500000 0.0075000000
1125 0.1975000000 0.0075000000
1126 0.1987500000 0.0075000000
1127 0.2000000000 0.0075000000
1128 0.0000000000 0.0087500000
1129 0.0012500000 0.0087500000
1130 0.0025000000 0.0087500000
1131 0.0037500000 0.0087500000
1132 0.0050000000 0.0087500000
1133 0.0062500000 0.0087500000
1134 0.0075000000 0.0087500000
1135 0.0087500000 0.0087500000
1136 0.0100000000 0.0087500000
1137 0.0112500000 0.0087500000
1138 0.0125000000 0.0087500000
1139 0.0137500000 0.0087500000
1140 0.0150000000 0.0087500000
1141 0.0162500000 0.0087500000
1142 0.0175000000 0.0087500000
1143 0.0187500000 0.0087500000
1144 0.0200000000 0.0087500000
1145 0.0212500000 0.0087500000
1146 0.0225000000 0.0087500000
1147 0.0237500000 0.0087500000
1148 0.0250000000 0.0087500000
1149 0.0262500000 0.0087500000
1150 0.0275000000 0.0087500000
1151 0.0287500000 0.0087500000
1152 0.0300000000 0.0087500000
1153 0.0312500000 0.0087500000
1154 0.0325000000 0.0087500000
1155 0.0337500000 0.0087500000
1156 0.0350000000 0.0087500000
1157 0.0362500000 0.0087500000
1158 0.0375000000 0.0087500000
1159 0.0387500000 0.0087500000
1160 0.0400000000 0.0087500000
1161 0.0412500000 0.0087500000
1162 0.0425000000 0.0087500000
1163 0.0437500000 0.0087500000
1164 0.0450000000 0.0087500000
1165 0.0462500000 0.0087500000
1166 0.0475000000 0.0087500000
1167 0.0487500000 0.0087500000
1168 0.0500000000 0.0087500000
1169 0.0512500000 0.0087500000
1170 0.0525000000 0.0087500000
1171 0.0537500000 0.0087500000
1172 0.0550000000 0.0087500000
1173 0.0562500000 0.0087500000
1174 0.0575000000 0.0087500000
1175 0.0587500000 0.0087500000
1176 0.0600000000 0.0087500000
1177 0.0612500000 0.0087500000
1178 0.0625000000 0.0087500000
1179 0.0637500000 0.0087500000
1180 0.0650000000 0.0087500000
1181 0.0662500000 0.0087500000
1182 0.0675000000 0.0087500000
1183 0.0687500000 0.0087500000
1184 0.0700000000 0.0087500000
1185 0.0712500000 0.0087500000
1186 0.0725000000 0.0087500000
1187 0.0737500000 0.0087500000
1188 0.0750000000 0.0087500000
1189 0.0762500000 0.0087500000
1190 0.0775000000 0.0087500000
1191 0.0787500000 0.0087500000
1192 0.0800000000 0.0087500000
1193 0.0812500000 0.0087500000
1194 0.0825000000 0.0087500000
1195 0.0837500000 0.0087500000
1196 0.0850000000 0.0087500000
1197 0.0862500000 0.0087500000
1198 0.0875000000 0.0087500000
1199 0.0887500000 0.0087500000
1200 0.0900000000 0.0087500000
1201 0.0912500000 0.0087500000
1202 0.0925000000 0.0087500000
1203 0.0937500000 0.0087500000
1204 0.0950000000 0.0087500000
1205 0.0962500000 0.0087500000
1206 0.0975000000 0.0087500000
1207 0.0987500000 0.0087500000
1208 0.1000000000 0.0087500000
1209 0.1012500000 0.0087500000
1210 0.1025000000 0.0087500000
1211 0.1037500000 0.0087500000
1212 0.1050000000 0.0087500000
1213 0.1062500000 0.0087500000
1214 0.1075000000 0.0087500000
1215 0.1087500000 0.0087500000
1216 0.1100000000 0.0087500000
1217 0.1112500000 0.0087500000
1218 0.1125000000 0.0087500000
1219 0.1137500000 0.0087500000
1220 0.1150000000 0.0087500000
1221 0.1162500000 0.0087500000
1222 0.1175000000 0.0087500000
1223 0.1187500000 0.0087500000
1224 0.1200000000 0.0087500000
1225 0.1212500000 0.0087500000
1226 0.1225000000 0.0087500000
1227 0.1237500000 0.0087500000
1228 0.1250000000 0.0087500000
1229 0.1262500000 0.0087500000
1230 0.1275000000 0.0087500000
1231 0.1287500000 0.0087500000
1232 0.1300000000 0.0087500000
1233 0.1312500000 0.0087500000
1234 0.1325000000 0.0087500000
1235 0.1337500000 0.0087500000
1236 0.1350000000 0.0087500000
1237 0.1362500000 0.0087500000
1238 0.1375000000 0.0087500000
1239 0.1387500000 0.0087500000
1240 0.1400000000 0.0087500000
1241 0.1412500000 0.0087500000
1242 0.1425000000 0.0087500000
1243 0.1437500000 0.0087500000
1244 0.1450000000 0.0087500000
1245 0.1462500000 0.0087500000
1246 0.1475000000 0.0087500000
1247 0.1487500000 0.0087500000
1248 0.1500000000 0.0087500000
1249 0.1512500000 0.0087500000
1250 0.1525000000 0.0087500000
1251 0.1537500000 0.0087500000
1252 0.1550000000 0.0087500000
1253 0.1562500000 0.0087500000
1254 0.1575000000 0.0087500000
1255 0.1587500000 0.0087500000
1256 0.1600000000 0.0087500000
1257 0.1612500000 0.0087500000
1258 0.1625000000 0.0087500000
1259 0.1637500000 0.0087500000
1260 0.1650000000 0.0087500000
1261 0.1662500000 0.0087500000
1262 0.1675000000 0.0087500000
1263 0.1687500000 0.0087500000
1264 0.1700000000 0.0087500000
1265 0.1712500000 0.0087500000
1266 0.1725000000 0.0087500000
1267 0.1737500000 0.0087500000
1268 0.1750000000 0.0087500000
1269 0.1762500000 0.0087500000
1270 0.1775000000 0.0087500000
1271 0.1787500000 0.0087500000
1272 0.1800000000 0.0087500000
1273 0.1812500000 0.0087500000
1274 0.1825000000 0.0087500000
1275 0.1837500000 0.0087500000
1276 0.1850000000 0.0087500000
1277 0.1862500000 0.0087500000
1278 0.1875000000 0.0087500000
1279 0.1887500000 0.0087500000
1280 0.1900000000 0.0087500000
1281 0.1912500000 0.0087500000
1282 0.1925000000 0.0087500000
1283 0.1937500000 0.0087500000
1284 0.1950000000 0.0087500000
1285 0.1962500000 0.0087500000
1286 0.1975000000 0.0087500000
1287 0.1987500000 0.0087500000
1288 0.2000000000 0.0087500000
1289 0.0000000000 0.0100000000
1290 0.0012500000 0.0100000000
1291 0.0025000000 0.0100000000
1292 0.0037500000 0.0100000000
1293 0.0050000000 0.0100000000
1294 0.0062500000 0.0100000000
1295 0.0075000000 0.0100000000
1296 0.0087500000 0.0100000000
1297 0.0100000000 0.0100000000
1298 0.0112500000 0.0100000000
1299 0.0125000000 0.0100000000
1300 0.0137500000 0.0100000000
1301 0.0150000000 0.0100000000
1302 0.0162500000 0.0100000000
1303 0.0175000000 0.0100000000
1304 0.0187500000 0.0100000000
1305 0.0200000000 0.0100000000
1306 0.0212500000 0.0100000000
1307 0.0225000000 0.0100000000
1308 0.0237500000 0.0100000000
1309 0.0250000000 0.0100000000
1310 0.0262500000 0.0100000000
1311 0.0275000000 0.0100000000
1312 0.0287500000 0.0100000000
1313 0.0300000000 0.0100000000
1314 0.0312500000 0.0100000000
1315 0.0325000000 0.0100000000
1316 0.0337500000 0.0100000000
1317 0.0350000000 0.0100000000
1318 0.0362500000 0.0100000000
1319 0.0375000000 0.0100000000
1320 0.0387500000 0.0100000000
1321 0.0400000000 0.0100000000
1322 0.0412500000 0.0100000000
1323 0.0425000000 0.0100000000
1324 0.0437500000 0.0100000000
1325 0.0450000000 0.0100000000
1326 0.0462500000 0.0100000000
1327 0.0475000000 0.0100000000
1328 0.0487500000 0.0100000000
1329 0.0500000000 0.0100000000
1330 0.0512500000 0.0100000000
1331 0.0525000000 0.0100000000
1332 0.0537500000 0.0100000000
1333 0.0550000000 0.0100000000
1334 0.0562500000 0.0100000000
1335 0.0575000000 0.0100000000
1336 0.0587500000 0.0100000000
1337 0.0600000000 0.0100000000
1338 0.0612500000 0.0100000000
1339 0.0625000000 0.0100000000
1340 0.0637500000 0.0100000000
1341 0.0650000000 0.0100000000
1342 0.0662500000 0.0100000000
1343 0.0675000000 0.0100000000
1344 0.0687500000 0.0100000000
1345 0.0700000000 0.0100000000
1346 0.0712500000 0.0100000000
1347 0.0725000000 0.0100000000
1348 0.0737500000 0.0100000000
1349 0.0750000000 0.0100000000
1350 0.0762500000 0.0100000000
1351 0.0775000000 0.0100000000
1352 0.0787500000 0.0100000000
1353 0.0800000000 0.0100000000
1354 0.0812500000 0.0100000000
1355 0.0825000000 0.0100000000
1356 0.0837500000 0.0100000000
1357 0.0850000000 0.0100000000
1358 0.0862500000 0.0100000000
1359 0.0875000000 0.0100000000
1360 0.0887500000 0.0100000000
1361 0.0900000000 0.0100000000
1362 0.0912500000 0.0100000000
1363 0.0925000000 0.0100000000
1364 0.0937500000 0.0100000000
1365 0.0950000000 0.0100000000
1366 0.0962500000 0.0100000000
1367 0.0975000000 0.0100000000
1368 0.0987500000 0.0100000000
1369 0.1000000000 0.0100000000
1370 0.1012500000 0.0100000000
1371 0.1025000000 0.0100000000
1372 0.1037500000 0.0100000000
1373 0.1050000000 0.0100000000
1374 0.1062500000 0.0100000000
1375 0.1075000000 0.0100000000
1376 0.1087500000 0.0100000000
1377 0.1100000000 0.0100000000
1378 0.1112500000 0.0100000000
1379 0.1125000000 0.0100000000
1380 0.1137500000 0.0100000000
1381 0.1150000000 0.0100000000
1382 0.1162500000 0.0100000000
1383 0.1175000000 0.0100000000
1384 0.1187500000 0.0100000000
1385 0.1200000000 0.0100000000
1386 0.1212500000 0.0100000000
1387 0.1225000000 0.0100000000
1388 0.1237500000 0.0100000000
1389 0.1250000000 0.0100000000
1390 0.1262500000 0.0100000000
1391 0.1275000000 0.0100000000
1392 0.1287500000 0.0100000000
1393 0.1300000000 0.0100000000
1394 0.1312500000 0.0100000000
1395 0.1325000000 0.0100000000
1396 0.1337500000 0.0100000000
1397 0.1350000000 0.0100000000
1398 0.1362500000 0.0100000000
1399 0.1375000000 0.0100000000
1400 0.1387500000 0.0100000000
1401 0.1400000000 0.0100000000
1402 0.1412500000 0.0100000000
1403 0.1425000000 0.0100000000
1404 0.1437500000 0.0100000000
1405 0.1450000000 0.0100000000
1406 0.1462500000 0.0100000000
1407 0.1475000000 0.0100000000
1408 0.1487500000 0.0100000000
1409 0.1500000000 0.0100000000
1410 0.1512500000 0.0100000000
1411 0.1525000000 0.0100000000
1412 0.1537500000 0.0100000000
1413 0.1550000000 0.0100000000
1414 0.1562500000 0.0100000000
1415 0.1575000000 0.0100000000
1416 0.1587500000 0.0100000000
1417 0.1600000000 0.0100000000
1418 0.1612500000 0.0100000000
1419 0.1625000000 0.0100000000
1420 0.1637500000 0.0100000000
1421 0.1650000000 0.0100000000
1422 0.1662500000 0.0100000000
1423 0.1675000000 0.0100000000
1424 0.1687500000 0.0100000000
1425 0.1700000000 0.0100000000
1426 0.1712500000 0.0100000000
1427 0.1725000000 0.0100000000
1428 0.1737500000 0.0100000000
1429 0.1750000000 0.0100000000
1430 0.1762500000 0.0100000000
1431 0.1775000000 0.0100000000
1432 0.1787500000 0.0100000000
1433 0.1800000000 0.0100000000
1434 0.1812500000 0.0100000000
1435 0.1825000000 0.0100000000
1436 0.1837500000 0.0100000000
1437 0.1850000000 0.0100000000
1438 0.1862500000 0.0100000000
1439 0.1875000000 0.0100000000
1440 0.1887500000 0.0100000000
1441 0.1900000000 0.0100000000
1442 0.1912500000 0.0100000000
1443 0.1925000000 0.0100000000
1444 0.1937500000 0.0100000000
1445 0.1950000000 0.0100000000
1446 0.1962500000 0.0100000000
1447 0.1975000000 0.0100000000
1448 0.1987500000 0.0100000000
1449 0.2000000000 0.0100000000
