1 1 2 163 162 
2 2 3 164 163 
3 3 4 165 164 
4 4 5 166 165 
5 5 6 167 166 
6 6 7 168 167 
7 7 8 169 168 
8 8 9 170 169 
9 9 10 171 170 
10 10 11 172 171 
11 11 12 173 172 
12 12 13 174 173 
13 13 14 175 174 
14 14 15 176 175 
15 15 16 177 176 
16 16 17 178 177 
17 17 18 179 178 
18 18 19 180 179 
19 19 20 181 180 
20 20 21 182 181 
21 21 22 183 182 
22 22 23 184 183 
23 23 24 185 184 
24 24 25 186 185 
25 25 26 187 186 
26 26 27 188 187 
27 27 28 189 188 
28 28 29 190 189 
29 29 30 191 190 
30 30 31 192 191 
31 31 32 193 192 
32 32 33 194 193 
33 33 34 195 194 
34 34 35 196 195 
35 35 36 197 196 
36 36 37 198 197 
37 37 38 199 198 
38 38 39 200 199 
39 39 40 201 200 
40 40 41 202 201 
41 41 42 203 202 
42 42 43 204 203 
43 43 44 205 204 
44 44 45 206 205 
45 45 46 207 206 
46 46 47 208 207 
47 47 48 209 208 
48 48 49 210 209 
49 49 50 211 210 
50 50 51 212 211 
51 51 52 213 212 
52 52 53 214 213 
53 53 54 215 214 
54 54 55 216 215 
55 55 56 217 216 
56 56 57 218 217 
57 57 58 219 218 
58 58 59 220 219 
59 59 60 221 220 
60 60 61 222 221 
61 61 62 223 222 
62 62 63 224 223 
63 63 64 225 224 
64 64 65 226 225 
65 65 66 227 226 
66 66 67 228 227 
67 67 68 229 228 
68 68 69 230 229 
69 69 70 231 230 
70 70 71 232 231 
71 71 72 233 232 
72 72 73 234 233 
73 73 74 235 234 
74 74 75 236 235 
75 75 76 237 236 
76 76 77 238 237 
77 77 78 239 238 
78 78 79 240 239 
79 79 80 241 240 
80 80 81 242 241 
81 81 82 243 242 
82 82 83 244 243 
83 83 84 245 244 
84 84 85 246 245 
85 85 86 247 246 
86 86 87 248 247 
87 87 88 249 248 
88 88 89 250 249 
89 89 90 251 250 
90 90 91 252 251 
91 91 92 253 252 
92 92 93 254 253 
93 93 94 255 254 
94 94 95 256 255 
95 95 96 257 256 
96 96 97 258 257 
97 97 98 259 258 
98 98 99 260 259 
99 99 100 261 260 
100 100 101 262 261 
101 101 102 263 262 
102 102 103 264 263 
103 103 104 265 264 
104 104 105 266 265 
105 105 106 267 266 
106 106 107 268 267 
107 107 108 269 268 
108 108 109 270 269 
109 109 110 271 270 
110 110 111 272 271 
111 111 112 273 272 
112 112 113 274 273 
113 113 114 275 274 
114 114 115 276 275 
115 115 116 277 276 
116 116 117 278 277 
117 117 118 279 278 
118 118 119 280 279 
119 119 120 281 280 
120 120 121 282 281 
121 121 122 283 282 
122 122 123 284 283 
123 123 124 285 284 
124 124 125 286 285 
125 125 126 287 286 
126 126 127 288 287 
127 127 128 289 288 
128 128 129 290 289 
129 129 130 291 290 
130 130 131 292 291 
131 131 132 293 292 
132 132 133 294 293 
133 133 134 295 294 
134 134 135 296 295 
135 135 136 297 296 
136 136 137 298 297 
137 137 138 299 298 
138 138 139 300 299 
139 139 140 301 300 
140 140 141 302 301 
141 141 142 303 302 
142 142 143 304 303 
143 143 144 305 304 
144 144 145 306 305 
145 145 146 307 306 
146 146 147 308 307 
147 147 148 309 308 
148 148 149 310 309 
149 149 150 311 310 
150 150 151 312 311 
151 151 152 313 312 
152 152 153 314 313 
153 153 154 315 314 
154 154 155 316 315 
155 155 156 317 316 
156 156 157 318 317 
157 157 158 319 318 
158 158 159 320 319 
159 159 160 321 320 
160 160 161 322 321 
161 162 163 324 323 
162 163 164 325 324 
163 164 165 326 325 
164 165 166 327 326 
165 166 167 328 327 
166 167 168 329 328 
167 168 169 330 329 
168 169 170 331 330 
169 170 171 332 331 
170 171 172 333 332 
171 172 173 334 333 
172 173 174 335 334 
173 174 175 336 335 
174 175 176 337 336 
175 176 177 338 337 
176 177 178 339 338 
177 178 179 340 339 
178 179 180 341 340 
179 180 181 342 341 
180 181 182 343 342 
181 182 183 344 343 
182 183 184 345 344 
183 184 185 346 345 
184 185 186 347 346 
185 186 187 348 347 
186 187 188 349 348 
187 188 189 350 349 
188 189 190 351 350 
189 190 191 352 351 
190 191 192 353 352 
191 192 193 354 353 
192 193 194 355 354 
193 194 195 356 355 
194 195 196 357 356 
195 196 197 358 357 
196 197 198 359 358 
197 198 199 360 359 
198 199 200 361 360 
199 200 201 362 361 
200 201 202 363 362 
201 202 203 364 363 
202 203 204 365 364 
203 204 205 366 365 
204 205 206 367 366 
205 206 207 368 367 
206 207 208 369 368 
207 208 209 370 369 
208 209 210 371 370 
209 210 211 372 371 
210 211 212 373 372 
211 212 213 374 373 
212 213 214 375 374 
213 214 215 376 375 
214 215 216 377 376 
215 216 217 378 377 
216 217 218 379 378 
217 218 219 380 379 
218 219 220 381 380 
219 220 221 382 381 
220 221 222 383 382 
221 222 223 384 383 
222 223 224 385 384 
223 224 225 386 385 
224 225 226 387 386 
225 226 227 388 387 
226 227 228 389 388 
227 228 229 390 389 
228 229 230 391 390 
229 230 231 392 391 
230 231 232 393 392 
231 232 233 394 393 
232 233 234 395 394 
233 234 235 396 395 
234 235 236 397 396 
235 236 237 398 397 
236 237 238 399 398 
237 238 239 400 399 
238 239 240 401 400 
239 240 241 402 401 
240 241 242 403 402 
241 242 243 404 403 
242 243 244 405 404 
243 244 245 406 405 
244 245 246 407 406 
245 246 247 408 407 
246 247 248 409 408 
247 248 249 410 409 
248 249 250 411 410 
249 250 251 412 411 
250 251 252 413 412 
251 252 253 414 413 
252 253 254 415 414 
253 254 255 416 415 
254 255 256 417 416 
255 256 257 418 417 
256 257 258 419 418 
257 258 259 420 419 
258 259 260 421 420 
259 260 261 422 421 
260 261 262 423 422 
261 262 263 424 423 
262 263 264 425 424 
263 264 265 426 425 
264 265 266 427 426 
265 266 267 428 427 
266 267 268 429 428 
267 268 269 430 429 
268 269 270 431 430 
269 270 271 432 431 
270 271 272 433 432 
271 272 273 434 433 
272 273 274 435 434 
273 274 275 436 435 
274 275 276 437 436 
275 276 277 438 437 
276 277 278 439 438 
277 278 279 440 439 
278 279 280 441 440 
279 280 281 442 441 
280 281 282 443 442 
281 282 283 444 443 
282 283 284 445 444 
283 284 285 446 445 
284 285 286 447 446 
285 286 287 448 447 
286 287 288 449 448 
287 288 289 450 449 
288 289 290 451 450 
289 290 291 452 451 
290 291 292 453 452 
291 292 293 454 453 
292 293 294 455 454 
293 294 295 456 455 
294 295 296 457 456 
295 296 297 458 457 
296 297 298 459 458 
297 298 299 460 459 
298 299 300 461 460 
299 300 301 462 461 
300 301 302 463 462 
301 302 303 464 463 
302 303 304 465 464 
303 304 305 466 465 
304 305 306 467 466 
305 306 307 468 467 
306 307 308 469 468 
307 308 309 470 469 
308 309 310 471 470 
309 310 311 472 471 
310 311 312 473 472 
311 312 313 474 473 
312 313 314 475 474 
313 314 315 476 475 
314 315 316 477 476 
315 316 317 478 477 
316 317 318 479 478 
317 318 319 480 479 
318 319 320 481 480 
319 320 321 482 481 
320 321 322 483 482 
321 323 324 485 484 
322 324 325 486 485 
323 325 326 487 486 
324 326 327 488 487 
325 327 328 489 488 
326 328 329 490 489 
327 329 330 491 490 
328 330 331 492 491 
329 331 332 493 492 
330 332 333 494 493 
331 333 334 495 494 
332 334 335 496 495 
333 335 336 497 496 
334 336 337 498 497 
335 337 338 499 498 
336 338 339 500 499 
337 339 340 501 500 
338 340 341 502 501 
339 341 342 503 502 
340 342 343 504 503 
341 343 344 505 504 
342 344 345 506 505 
343 345 346 507 506 
344 346 347 508 507 
345 347 348 509 508 
346 348 349 510 509 
347 349 350 511 510 
348 350 351 512 511 
349 351 352 513 512 
350 352 353 514 513 
351 353 354 515 514 
352 354 355 516 515 
353 355 356 517 516 
354 356 357 518 517 
355 357 358 519 518 
356 358 359 520 519 
357 359 360 521 520 
358 360 361 522 521 
359 361 362 523 522 
360 362 363 524 523 
361 363 364 525 524 
362 364 365 526 525 
363 365 366 527 526 
364 366 367 528 527 
365 367 368 529 528 
366 368 369 530 529 
367 369 370 531 530 
368 370 371 532 531 
369 371 372 533 532 
370 372 373 534 533 
371 373 374 535 534 
372 374 375 536 535 
373 375 376 537 536 
374 376 377 538 537 
375 377 378 539 538 
376 378 379 540 539 
377 379 380 541 540 
378 380 381 542 541 
379 381 382 543 542 
380 382 383 544 543 
381 383 384 545 544 
382 384 385 546 545 
383 385 386 547 546 
384 386 387 548 547 
385 387 388 549 548 
386 388 389 550 549 
387 389 390 551 550 
388 390 391 552 551 
389 391 392 553 552 
390 392 393 554 553 
391 393 394 555 554 
392 394 395 556 555 
393 395 396 557 556 
394 396 397 558 557 
395 397 398 559 558 
396 398 399 560 559 
397 399 400 561 560 
398 400 401 562 561 
399 401 402 563 562 
400 402 403 564 563 
401 403 404 565 564 
402 404 405 566 565 
403 405 406 567 566 
404 406 407 568 567 
405 407 408 569 568 
406 408 409 570 569 
407 409 410 571 570 
408 410 411 572 571 
409 411 412 573 572 
410 412 413 574 573 
411 413 414 575 574 
412 414 415 576 575 
413 415 416 577 576 
414 416 417 578 577 
415 417 418 579 578 
416 418 419 580 579 
417 419 420 581 580 
418 420 421 582 581 
419 421 422 583 582 
420 422 423 584 583 
421 423 424 585 584 
422 424 425 586 585 
423 425 426 587 586 
424 426 427 588 587 
425 427 428 589 588 
426 428 429 590 589 
427 429 430 591 590 
428 430 431 592 591 
429 431 432 593 592 
430 432 433 594 593 
431 433 434 595 594 
432 434 435 596 595 
433 435 436 597 596 
434 436 437 598 597 
435 437 438 599 598 
436 438 439 600 599 
437 439 440 601 600 
438 440 441 602 601 
439 441 442 603 602 
440 442 443 604 603 
441 443 444 605 604 
442 444 445 606 605 
443 445 446 607 606 
444 446 447 608 607 
445 447 448 609 608 
446 448 449 610 609 
447 449 450 611 610 
448 450 451 612 611 
449 451 452 613 612 
450 452 453 614 613 
451 453 454 615 614 
452 454 455 616 615 
453 455 456 617 616 
454 456 457 618 617 
455 457 458 619 618 
456 458 459 620 619 
457 459 460 621 620 
458 460 461 622 621 
459 461 462 623 622 
460 462 463 624 623 
461 463 464 625 624 
462 464 465 626 625 
463 465 466 627 626 
464 466 467 628 627 
465 467 468 629 628 
466 468 469 630 629 
467 469 470 631 630 
468 470 471 632 631 
469 471 472 633 632 
470 472 473 634 633 
471 473 474 635 634 
472 474 475 636 635 
473 475 476 637 636 
474 476 477 638 637 
475 477 478 639 638 
476 478 479 640 639 
477 479 480 641 640 
478 480 481 642 641 
479 481 482 643 642 
480 482 483 644 643 
481 484 485 646 645 
482 485 486 647 646 
483 486 487 648 647 
484 487 488 649 648 
485 488 489 650 649 
486 489 490 651 650 
487 490 491 652 651 
488 491 492 653 652 
489 492 493 654 653 
490 493 494 655 654 
491 494 495 656 655 
492 495 496 657 656 
493 496 497 658 657 
494 497 498 659 658 
495 498 499 660 659 
496 499 500 661 660 
497 500 501 662 661 
498 501 502 663 662 
499 502 503 664 663 
500 503 504 665 664 
501 504 505 666 665 
502 505 506 667 666 
503 506 507 668 667 
504 507 508 669 668 
505 508 509 670 669 
506 509 510 671 670 
507 510 511 672 671 
508 511 512 673 672 
509 512 513 674 673 
510 513 514 675 674 
511 514 515 676 675 
512 515 516 677 676 
513 516 517 678 677 
514 517 518 679 678 
515 518 519 680 679 
516 519 520 681 680 
517 520 521 682 681 
518 521 522 683 682 
519 522 523 684 683 
520 523 524 685 684 
521 524 525 686 685 
522 525 526 687 686 
523 526 527 688 687 
524 527 528 689 688 
525 528 529 690 689 
526 529 530 691 690 
527 530 531 692 691 
528 531 532 693 692 
529 532 533 694 693 
530 533 534 695 694 
531 534 535 696 695 
532 535 536 697 696 
533 536 537 698 697 
534 537 538 699 698 
535 538 539 700 699 
536 539 540 701 700 
537 540 541 702 701 
538 541 542 703 702 
539 542 543 704 703 
540 543 544 705 704 
541 544 545 706 705 
542 545 546 707 706 
543 546 547 708 707 
544 547 548 709 708 
545 548 549 710 709 
546 549 550 711 710 
547 550 551 712 711 
548 551 552 713 712 
549 552 553 714 713 
550 553 554 715 714 
551 554 555 716 715 
552 555 556 717 716 
553 556 557 718 717 
554 557 558 719 718 
555 558 559 720 719 
556 559 560 721 720 
557 560 561 722 721 
558 561 562 723 722 
559 562 563 724 723 
560 563 564 725 724 
561 564 565 726 725 
562 565 566 727 726 
563 566 567 728 727 
564 567 568 729 728 
565 568 569 730 729 
566 569 570 731 730 
567 570 571 732 731 
568 571 572 733 732 
569 572 573 734 733 
570 573 574 735 734 
571 574 575 736 735 
572 575 576 737 736 
573 576 577 738 737 
574 577 578 739 738 
575 578 579 740 739 
576 579 580 741 740 
577 580 581 742 741 
578 581 582 743 742 
579 582 583 744 743 
580 583 584 745 744 
581 584 585 746 745 
582 585 586 747 746 
583 586 587 748 747 
584 587 588 749 748 
585 588 589 750 749 
586 589 590 751 750 
587 590 591 752 751 
588 591 592 753 752 
589 592 593 754 753 
590 593 594 755 754 
591 594 595 756 755 
592 595 596 757 756 
593 596 597 758 757 
594 597 598 759 758 
595 598 599 760 759 
596 599 600 761 760 
597 600 601 762 761 
598 601 602 763 762 
599 602 603 764 763 
600 603 604 765 764 
601 604 605 766 765 
602 605 606 767 766 
603 606 607 768 767 
604 607 608 769 768 
605 608 609 770 769 
606 609 610 771 770 
607 610 611 772 771 
608 611 612 773 772 
609 612 613 774 773 
610 613 614 775 774 
611 614 615 776 775 
612 615 616 777 776 
613 616 617 778 777 
614 617 618 779 778 
615 618 619 780 779 
616 619 620 781 780 
617 620 621 782 781 
618 621 622 783 782 
619 622 623 784 783 
620 623 624 785 784 
621 624 625 786 785 
622 625 626 787 786 
623 626 627 788 787 
624 627 628 789 788 
625 628 629 790 789 
626 629 630 791 790 
627 630 631 792 791 
628 631 632 793 792 
629 632 633 794 793 
630 633 634 795 794 
631 634 635 796 795 
632 635 636 797 796 
633 636 637 798 797 
634 637 638 799 798 
635 638 639 800 799 
636 639 640 801 800 
637 640 641 802 801 
638 641 642 803 802 
639 642 643 804 803 
640 643 644 805 804 
641 645 646 807 806 
642 646 647 808 807 
643 647 648 809 808 
644 648 649 810 809 
645 649 650 811 810 
646 650 651 812 811 
647 651 652 813 812 
648 652 653 814 813 
649 653 654 815 814 
650 654 655 816 815 
651 655 656 817 816 
652 656 657 818 817 
653 657 658 819 818 
654 658 659 820 819 
655 659 660 821 820 
656 660 661 822 821 
657 661 662 823 822 
658 662 663 824 823 
659 663 664 825 824 
660 664 665 826 825 
661 665 666 827 826 
662 666 667 828 827 
663 667 668 829 828 
664 668 669 830 829 
665 669 670 831 830 
666 670 671 832 831 
667 671 672 833 832 
668 672 673 834 833 
669 673 674 835 834 
670 674 675 836 835 
671 675 676 837 836 
672 676 677 838 837 
673 677 678 839 838 
674 678 679 840 839 
675 679 680 841 840 
676 680 681 842 841 
677 681 682 843 842 
678 682 683 844 843 
679 683 684 845 844 
680 684 685 846 845 
681 685 686 847 846 
682 686 687 848 847 
683 687 688 849 848 
684 688 689 850 849 
685 689 690 851 850 
686 690 691 852 851 
687 691 692 853 852 
688 692 693 854 853 
689 693 694 855 854 
690 694 695 856 855 
691 695 696 857 856 
692 696 697 858 857 
693 697 698 859 858 
694 698 699 860 859 
695 699 700 861 860 
696 700 701 862 861 
697 701 702 863 862 
698 702 703 864 863 
699 703 704 865 864 
700 704 705 866 865 
701 705 706 867 866 
702 706 707 868 867 
703 707 708 869 868 
704 708 709 870 869 
705 709 710 871 870 
706 710 711 872 871 
707 711 712 873 872 
708 712 713 874 873 
709 713 714 875 874 
710 714 715 876 875 
711 715 716 877 876 
712 716 717 878 877 
713 717 718 879 878 
714 718 719 880 879 
715 719 720 881 880 
716 720 721 882 881 
717 721 722 883 882 
718 722 723 884 883 
719 723 724 885 884 
720 724 725 886 885 
721 725 726 887 886 
722 726 727 888 887 
723 727 728 889 888 
724 728 729 890 889 
725 729 730 891 890 
726 730 731 892 891 
727 731 732 893 892 
728 732 733 894 893 
729 733 734 895 894 
730 734 735 896 895 
731 735 736 897 896 
732 736 737 898 897 
733 737 738 899 898 
734 738 739 900 899 
735 739 740 901 900 
736 740 741 902 901 
737 741 742 903 902 
738 742 743 904 903 
739 743 744 905 904 
740 744 745 906 905 
741 745 746 907 906 
742 746 747 908 907 
743 747 748 909 908 
744 748 749 910 909 
745 749 750 911 910 
746 750 751 912 911 
747 751 752 913 912 
748 752 753 914 913 
749 753 754 915 914 
750 754 755 916 915 
751 755 756 917 916 
752 756 757 918 917 
753 757 758 919 918 
754 758 759 920 919 
755 759 760 921 920 
756 760 761 922 921 
757 761 762 923 922 
758 762 763 924 923 
759 763 764 925 924 
760 764 765 926 925 
761 765 766 927 926 
762 766 767 928 927 
763 767 768 929 928 
764 768 769 930 929 
765 769 770 931 930 
766 770 771 932 931 
767 771 772 933 932 
768 772 773 934 933 
769 773 774 935 934 
770 774 775 936 935 
771 775 776 937 936 
772 776 777 938 937 
773 777 778 939 938 
774 778 779 940 939 
775 779 780 941 940 
776 780 781 942 941 
777 781 782 943 942 
778 782 783 944 943 
779 783 784 945 944 
780 784 785 946 945 
781 785 786 947 946 
782 786 787 948 947 
783 787 788 949 948 
784 788 789 950 949 
785 789 790 951 950 
786 790 791 952 951 
787 791 792 953 952 
788 792 793 954 953 
789 793 794 955 954 
790 794 795 956 955 
791 795 796 957 956 
792 796 797 958 957 
793 797 798 959 958 
794 798 799 960 959 
795 799 800 961 960 
796 800 801 962 961 
797 801 802 963 962 
798 802 803 964 963 
799 803 804 965 964 
800 804 805 966 965 
801 806 807 968 967 
802 807 808 969 968 
803 808 809 970 969 
804 809 810 971 970 
805 810 811 972 971 
806 811 812 973 972 
807 812 813 974 973 
808 813 814 975 974 
809 814 815 976 975 
810 815 816 977 976 
811 816 817 978 977 
812 817 818 979 978 
813 818 819 980 979 
814 819 820 981 980 
815 820 821 982 981 
816 821 822 983 982 
817 822 823 984 983 
818 823 824 985 984 
819 824 825 986 985 
820 825 826 987 986 
821 826 827 988 987 
822 827 828 989 988 
823 828 829 990 989 
824 829 830 991 990 
825 830 831 992 991 
826 831 832 993 992 
827 832 833 994 993 
828 833 834 995 994 
829 834 835 996 995 
830 835 836 997 996 
831 836 837 998 997 
832 837 838 999 998 
833 838 839 1000 999 
834 839 840 1001 1000 
835 840 841 1002 1001 
836 841 842 1003 1002 
837 842 843 1004 1003 
838 843 844 1005 1004 
839 844 845 1006 1005 
840 845 846 1007 1006 
841 846 847 1008 1007 
842 847 848 1009 1008 
843 848 849 1010 1009 
844 849 850 1011 1010 
845 850 851 1012 1011 
846 851 852 1013 1012 
847 852 853 1014 1013 
848 853 854 1015 1014 
849 854 855 1016 1015 
850 855 856 1017 1016 
851 856 857 1018 1017 
852 857 858 1019 1018 
853 858 859 1020 1019 
854 859 860 1021 1020 
855 860 861 1022 1021 
856 861 862 1023 1022 
857 862 863 1024 1023 
858 863 864 1025 1024 
859 864 865 1026 1025 
860 865 866 1027 1026 
861 866 867 1028 1027 
862 867 868 1029 1028 
863 868 869 1030 1029 
864 869 870 1031 1030 
865 870 871 1032 1031 
866 871 872 1033 1032 
867 872 873 1034 1033 
868 873 874 1035 1034 
869 874 875 1036 1035 
870 875 876 1037 1036 
871 876 877 1038 1037 
872 877 878 1039 1038 
873 878 879 1040 1039 
874 879 880 1041 1040 
875 880 881 1042 1041 
876 881 882 1043 1042 
877 882 883 1044 1043 
878 883 884 1045 1044 
879 884 885 1046 1045 
880 885 886 1047 1046 
881 886 887 1048 1047 
882 887 888 1049 1048 
883 888 889 1050 1049 
884 889 890 1051 1050 
885 890 891 1052 1051 
886 891 892 1053 1052 
887 892 893 1054 1053 
888 893 894 1055 1054 
889 894 895 1056 1055 
890 895 896 1057 1056 
891 896 897 1058 1057 
892 897 898 1059 1058 
893 898 899 1060 1059 
894 899 900 1061 1060 
895 900 901 1062 1061 
896 901 902 1063 1062 
897 902 903 1064 1063 
898 903 904 1065 1064 
899 904 905 1066 1065 
900 905 906 1067 1066 
901 906 907 1068 1067 
902 907 908 1069 1068 
903 908 909 1070 1069 
904 909 910 1071 1070 
905 910 911 1072 1071 
906 911 912 1073 1072 
907 912 913 1074 1073 
908 913 914 1075 1074 
909 914 915 1076 1075 
910 915 916 1077 1076 
911 916 917 1078 1077 
912 917 918 1079 1078 
913 918 919 1080 1079 
914 919 920 1081 1080 
915 920 921 1082 1081 
916 921 922 1083 1082 
917 922 923 1084 1083 
918 923 924 1085 1084 
919 924 925 1086 1085 
920 925 926 1087 1086 
921 926 927 1088 1087 
922 927 928 1089 1088 
923 928 929 1090 1089 
924 929 930 1091 1090 
925 930 931 1092 1091 
926 931 932 1093 1092 
927 932 933 1094 1093 
928 933 934 1095 1094 
929 934 935 1096 1095 
930 935 936 1097 1096 
931 936 937 1098 1097 
932 937 938 1099 1098 
933 938 939 1100 1099 
934 939 940 1101 1100 
935 940 941 1102 1101 
936 941 942 1103 1102 
937 942 943 1104 1103 
938 943 944 1105 1104 
939 944 945 1106 1105 
940 945 946 1107 1106 
941 946 947 1108 1107 
942 947 948 1109 1108 
943 948 949 1110 1109 
944 949 950 1111 1110 
945 950 951 1112 1111 
946 951 952 1113 1112 
947 952 953 1114 1113 
948 953 954 1115 1114 
949 954 955 1116 1115 
950 955 956 1117 1116 
951 956 957 1118 1117 
952 957 958 1119 1118 
953 958 959 1120 1119 
954 959 960 1121 1120 
955 960 961 1122 1121 
956 961 962 1123 1122 
957 962 963 1124 1123 
958 963 964 1125 1124 
959 964 965 1126 1125 
960 965 966 1127 1126 
961 967 968 1129 1128 
962 968 969 1130 1129 
963 969 970 1131 1130 
964 970 971 1132 1131 
965 971 972 1133 1132 
966 972 973 1134 1133 
967 973 974 1135 1134 
968 974 975 1136 1135 
969 975 976 1137 1136 
970 976 977 1138 1137 
971 977 978 1139 1138 
972 978 979 1140 1139 
973 979 980 1141 1140 
974 980 981 1142 1141 
975 981 982 1143 1142 
976 982 983 1144 1143 
977 983 984 1145 1144 
978 984 985 1146 1145 
979 985 986 1147 1146 
980 986 987 1148 1147 
981 987 988 1149 1148 
982 988 989 1150 1149 
983 989 990 1151 1150 
984 990 991 1152 1151 
985 991 992 1153 1152 
986 992 993 1154 1153 
987 993 994 1155 1154 
988 994 995 1156 1155 
989 995 996 1157 1156 
990 996 997 1158 1157 
991 997 998 1159 1158 
992 998 999 1160 1159 
993 999 1000 1161 1160 
994 1000 1001 1162 1161 
995 1001 1002 1163 1162 
996 1002 1003 1164 1163 
997 1003 1004 1165 1164 
998 1004 1005 1166 1165 
999 1005 1006 1167 1166 
1000 1006 1007 1168 1167 
1001 1007 1008 1169 1168 
1002 1008 1009 1170 1169 
1003 1009 1010 1171 1170 
1004 1010 1011 1172 1171 
1005 1011 1012 1173 1172 
1006 1012 1013 1174 1173 
1007 1013 1014 1175 1174 
1008 1014 1015 1176 1175 
1009 1015 1016 1177 1176 
1010 1016 1017 1178 1177 
1011 1017 1018 1179 1178 
1012 1018 1019 1180 1179 
1013 1019 1020 1181 1180 
1014 1020 1021 1182 1181 
1015 1021 1022 1183 1182 
1016 1022 1023 1184 1183 
1017 1023 1024 1185 1184 
1018 1024 1025 1186 1185 
1019 1025 1026 1187 1186 
1020 1026 1027 1188 1187 
1021 1027 1028 1189 1188 
1022 1028 1029 1190 1189 
1023 1029 1030 1191 1190 
1024 1030 1031 1192 1191 
1025 1031 1032 1193 1192 
1026 1032 1033 1194 1193 
1027 1033 1034 1195 1194 
1028 1034 1035 1196 1195 
1029 1035 1036 1197 1196 
1030 1036 1037 1198 1197 
1031 1037 1038 1199 1198 
1032 1038 1039 1200 1199 
1033 1039 1040 1201 1200 
1034 1040 1041 1202 1201 
1035 1041 1042 1203 1202 
1036 1042 1043 1204 1203 
1037 1043 1044 1205 1204 
1038 1044 1045 1206 1205 
1039 1045 1046 1207 1206 
1040 1046 1047 1208 1207 
1041 1047 1048 1209 1208 
1042 1048 1049 1210 1209 
1043 1049 1050 1211 1210 
1044 1050 1051 1212 1211 
1045 1051 1052 1213 1212 
1046 1052 1053 1214 1213 
1047 1053 1054 1215 1214 
1048 1054 1055 1216 1215 
1049 1055 1056 1217 1216 
1050 1056 1057 1218 1217 
1051 1057 1058 1219 1218 
1052 1058 1059 1220 1219 
1053 1059 1060 1221 1220 
1054 1060 1061 1222 1221 
1055 1061 1062 1223 1222 
1056 1062 1063 1224 1223 
1057 1063 1064 1225 1224 
1058 1064 1065 1226 1225 
1059 1065 1066 1227 1226 
1060 1066 1067 1228 1227 
1061 1067 1068 1229 1228 
1062 1068 1069 1230 1229 
1063 1069 1070 1231 1230 
1064 1070 1071 1232 1231 
1065 1071 1072 1233 1232 
1066 1072 1073 1234 1233 
1067 1073 1074 1235 1234 
1068 1074 1075 1236 1235 
1069 1075 1076 1237 1236 
1070 1076 1077 1238 1237 
1071 1077 1078 1239 1238 
1072 1078 1079 1240 1239 
1073 1079 1080 1241 1240 
1074 1080 1081 1242 1241 
1075 1081 1082 1243 1242 
1076 1082 1083 1244 1243 
1077 1083 1084 1245 1244 
1078 1084 1085 1246 1245 
1079 1085 1086 1247 1246 
1080 1086 1087 1248 1247 
1081 1087 1088 1249 1248 
1082 1088 1089 1250 1249 
1083 1089 1090 1251 1250 
1084 1090 1091 1252 1251 
1085 1091 1092 1253 1252 
1086 1092 1093 1254 1253 
1087 1093 1094 1255 1254 
1088 1094 1095 1256 1255 
1089 1095 1096 1257 1256 
1090 1096 1097 1258 1257 
1091 1097 1098 1259 1258 
1092 1098 1099 1260 1259 
1093 1099 1100 1261 1260 
1094 1100 1101 1262 1261 
1095 1101 1102 1263 1262 
1096 1102 1103 1264 1263 
1097 1103 1104 1265 1264 
1098 1104 1105 1266 1265 
1099 1105 1106 1267 1266 
1100 1106 1107 1268 1267 
1101 1107 1108 1269 1268 
1102 1108 1109 1270 1269 
1103 1109 1110 1271 1270 
1104 1110 1111 1272 1271 
1105 1111 1112 1273 1272 
1106 1112 1113 1274 1273 
1107 1113 1114 1275 1274 
1108 1114 1115 1276 1275 
1109 1115 1116 1277 1276 
1110 1116 1117 1278 1277 
1111 1117 1118 1279 1278 
1112 1118 1119 1280 1279 
1113 1119 1120 1281 1280 
1114 1120 1121 1282 1281 
1115 1121 1122 1283 1282 
1116 1122 1123 1284 1283 
1117 1123 1124 1285 1284 
1118 1124 1125 1286 1285 
1119 1125 1126 1287 1286 
1120 1126 1127 1288 1287 
1121 1128 1129 1290 1289 
1122 1129 1130 1291 1290 
1123 1130 1131 1292 1291 
1124 1131 1132 1293 1292 
1125 1132 1133 1294 1293 
1126 1133 1134 1295 1294 
1127 1134 1135 1296 1295 
1128 1135 1136 1297 1296 
1129 1136 1137 1298 1297 
1130 1137 1138 1299 1298 
1131 1138 1139 1300 1299 
1132 1139 1140 1301 1300 
1133 1140 1141 1302 1301 
1134 1141 1142 1303 1302 
1135 1142 1143 1304 1303 
1136 1143 1144 1305 1304 
1137 1144 1145 1306 1305 
1138 1145 1146 1307 1306 
1139 1146 1147 1308 1307 
1140 1147 1148 1309 1308 
1141 1148 1149 1310 1309 
1142 1149 1150 1311 1310 
1143 1150 1151 1312 1311 
1144 1151 1152 1313 1312 
1145 1152 1153 1314 1313 
1146 1153 1154 1315 1314 
1147 1154 1155 1316 1315 
1148 1155 1156 1317 1316 
1149 1156 1157 1318 1317 
1150 1157 1158 1319 1318 
1151 1158 1159 1320 1319 
1152 1159 1160 1321 1320 
1153 1160 1161 1322 1321 
1154 1161 1162 1323 1322 
1155 1162 1163 1324 1323 
1156 1163 1164 1325 1324 
1157 1164 1165 1326 1325 
1158 1165 1166 1327 1326 
1159 1166 1167 1328 1327 
1160 1167 1168 1329 1328 
1161 1168 1169 1330 1329 
1162 1169 1170 1331 1330 
1163 1170 1171 1332 1331 
1164 1171 1172 1333 1332 
1165 1172 1173 1334 1333 
1166 1173 1174 1335 1334 
1167 1174 1175 1336 1335 
1168 1175 1176 1337 1336 
1169 1176 1177 1338 1337 
1170 1177 1178 1339 1338 
1171 1178 1179 1340 1339 
1172 1179 1180 1341 1340 
1173 1180 1181 1342 1341 
1174 1181 1182 1343 1342 
1175 1182 1183 1344 1343 
1176 1183 1184 1345 1344 
1177 1184 1185 1346 1345 
1178 1185 1186 1347 1346 
1179 1186 1187 1348 1347 
1180 1187 1188 1349 1348 
1181 1188 1189 1350 1349 
1182 1189 1190 1351 1350 
1183 1190 1191 1352 1351 
1184 1191 1192 1353 1352 
1185 1192 1193 1354 1353 
1186 1193 1194 1355 1354 
1187 1194 1195 1356 1355 
1188 1195 1196 1357 1356 
1189 1196 1197 1358 1357 
1190 1197 1198 1359 1358 
1191 1198 1199 1360 1359 
1192 1199 1200 1361 1360 
1193 1200 1201 1362 1361 
1194 1201 1202 1363 1362 
1195 1202 1203 1364 1363 
1196 1203 1204 1365 1364 
1197 1204 1205 1366 1365 
1198 1205 1206 1367 1366 
1199 1206 1207 1368 1367 
1200 1207 1208 1369 1368 
1201 1208 1209 1370 1369 
1202 1209 1210 1371 1370 
1203 1210 1211 1372 1371 
1204 1211 1212 1373 1372 
1205 1212 1213 1374 1373 
1206 1213 1214 1375 1374 
1207 1214 1215 1376 1375 
1208 1215 1216 1377 1376 
1209 1216 1217 1378 1377 
1210 1217 1218 1379 1378 
1211 1218 1219 1380 1379 
1212 1219 1220 1381 1380 
1213 1220 1221 1382 1381 
1214 1221 1222 1383 1382 
1215 1222 1223 1384 1383 
1216 1223 1224 1385 1384 
1217 1224 1225 1386 1385 
1218 1225 1226 1387 1386 
1219 1226 1227 1388 1387 
1220 1227 1228 1389 1388 
1221 1228 1229 1390 1389 
1222 1229 1230 1391 1390 
1223 1230 1231 1392 1391 
1224 1231 1232 1393 1392 
1225 1232 1233 1394 1393 
1226 1233 1234 1395 1394 
1227 1234 1235 1396 1395 
1228 1235 1236 1397 1396 
1229 1236 1237 1398 1397 
1230 1237 1238 1399 1398 
1231 1238 1239 1400 1399 
1232 1239 1240 1401 1400 
1233 1240 1241 1402 1401 
1234 1241 1242 1403 1402 
1235 1242 1243 1404 1403 
1236 1243 1244 1405 1404 
1237 1244 1245 1406 1405 
1238 1245 1246 1407 1406 
1239 1246 1247 1408 1407 
1240 1247 1248 1409 1408 
1241 1248 1249 1410 1409 
1242 1249 1250 1411 1410 
1243 1250 1251 1412 1411 
1244 1251 1252 1413 1412 
1245 1252 1253 1414 1413 
1246 1253 1254 1415 1414 
1247 1254 1255 1416 1415 
1248 1255 1256 1417 1416 
1249 1256 1257 1418 1417 
1250 1257 1258 1419 1418 
1251 1258 1259 1420 1419 
1252 1259 1260 1421 1420 
1253 1260 1261 1422 1421 
1254 1261 1262 1423 1422 
1255 1262 1263 1424 1423 
1256 1263 1264 1425 1424 
1257 1264 1265 1426 1425 
1258 1265 1266 1427 1426 
1259 1266 1267 1428 1427 
1260 1267 1268 1429 1428 
1261 1268 1269 1430 1429 
1262 1269 1270 1431 1430 
1263 1270 1271 1432 1431 
1264 1271 1272 1433 1432 
1265 1272 1273 1434 1433 
1266 1273 1274 1435 1434 
1267 1274 1275 1436 1435 
1268 1275 1276 1437 1436 
1269 1276 1277 1438 1437 
1270 1277 1278 1439 1438 
1271 1278 1279 1440 1439 
1272 1279 1280 1441 1440 
1273 1280 1281 1442 1441 
1274 1281 1282 1443 1442 
1275 1282 1283 1444 1443 
1276 1283 1284 1445 1444 
1277 1284 1285 1446 1445 
1278 1285 1286 1447 1446 
1279 1286 1287 1448 1447 
1280 1287 1288 1449 1448 
